5
0
54
0.2 0.24 0.22 0.52 0.47 0.23 
0.2 0.24 0.25 0.21 0.24 0.09 
0.45 0.08 0.08 0.28 0.18 0.13 
0.52 0.23 0.14 0.26 0.2 0.12 
0.43 0.2 0 0.44 0.18 0.16 
0.42 0.05 0.06 -0.02 0.01 0.01 
0.07 0.05 0.02 
0.05 0.02 -1.13 
0.08 0.03 0.745 
0.06 0.01 0.89 
0.07 0.01 -0.08 
0.03 0.02 -0.01
54
0.207551 0.202924 0.220949 0.565179 0.473398 0.229526 
0.209012 0.240474 0.250949 0.219012 0.24 0.09 
0.459051 0.08 0.0899612 0.27 0.179051 0.122411 
0.519526 0.220474 0.130988 0.27 0.200474 0.12 
0.43 0.199526 -0.00802498 0.439051 0.18 0.150988 
0.410513 0.05 0.08 0 0.04 -0.0289737 
0.0690513 0.0495257 0.0205132 
0.05 0.02 -1.13 
0.0804743 0.03 0.744051 
0.058577 0.01 0.887628 
0.0695257 0.01 -0.0795257 
0.03 0.0290125 0.000513167 
54
0.184971 0.230649 0.231241 0.51687 0.506269 0.22438 
0.200296 0.24562 0.261241 0.210296 0.24 0.09 
0.448759 0.08 0.0915364 0.27 0.168759 0.146565 
0.51438 0.22562 0.139704 0.27 0.20562 0.12 
0.43 0.19438 0.00940839 0.428759 0.18 0.159704 
0.414084 0.05 0.08 0 0.04 -0.0218322 
0.0587594 0.0443797 0.0240839 
0.05 0.02 -1.13 
0.0856203 0.03 0.733759 
0.0431392 0.01 0.861899 
0.0643797 0.01 -0.0743797 
0.03 0.0202958 0.00408392 
54
0.2 0.24 0.22 0.52 0.47 0.23 
0.2 0.24 0.25 0.21 0.24 0.08 
0.46 0.08 0.08 0.29 0.18 0.13 
0.52 0.23 0.14 0.26 0.2 0.12 
0.43 0.19 0.01 0.44 0.18 0.16 
0.43 0.06 0.04 0 0 0 
0.07 0.05 0.02 
0.05 0.02 -1.13 
0.06 0.03 0.745 
0.05 0.01 0.89 
0.07 0.01 -0.08 
0.04 0.02 0
54
0.19 0.22 0.22 0.55 0.49 0.23 
0.2 0.24 0.25 0.21 0.24 0.09 
0.46 0.08 0.08 0.27 0.18 0.13 
0.51 0.22 0.14 0.27 0.2 0.12 
0.43 0.2 0 0.44 0.18 0.16 
0.42 0.05 0.08 0 0.04 -0.03
0.07 0.05 0.03 
0.05 0.02 -1.13 
0.08 0.03 0.745 
0.06 0.01 0.89 
0.07 0.01 -0.08 
0.03 0.02 0
